1
11
101
1111
10001
110011
1010101
11111111
100000001
1100000011
10100000101
111100001111
1000100010001
11001100110011
101010101010101
1111111111111111
10000000000000001
110000000000000011
1010000000000000101
11110000000000001111
100010000000000010001
1100110000000000110011
10101010000000001010101
111111110000000011111111
1000000010000000100000001
11000000110000001100000011
101000001010000010100000101
1111000011110000111100001111
10001000100010001000100010001
110011001100110011001100110011
1010101010101010101010101010101
11111111111111111111111111111111
100000000000000000000000000000001
1100000000000000000000000000000011
10100000000000000000000000000000101
111100000000000000000000000000001111
1000100000000000000000000000000010001
11001100000000000000000000000000110011
101010100000000000000000000000001010101
1111111100000000000000000000000011111111
10000000100000000000000000000000100000001
110000001100000000000000000000001100000011
1010000010100000000000000000000010100000101
11110000111100000000000000000000111100001111
100010001000100000000000000000001000100010001
1100110011001100000000000000000011001100110011
10101010101010100000000000000000101010101010101
111111111111111100000000000000001111111111111111
1000000000000000100000000000000010000000000000001
11000000000000001100000000000000110000000000000011
101000000000000010100000000000001010000000000000101
1111000000000000111100000000000011110000000000001111
10001000000000001000100000000000100010000000000010001
110011000000000011001100000000001100110000000000110011
1010101000000000101010100000000010101010000000001010101
11111111000000001111111100000000111111110000000011111111
100000001000000010000000100000001000000010000000100000001
1100000011000000110000001100000011000000110000001100000011
10100000101000001010000010100000101000001010000010100000101
111100001111000011110000111100001111000011110000111100001111
1000100010001000100010001000100010001000100010001000100010001
11001100110011001100110011001100110011001100110011001100110011
101010101010101010101010101010101010101010101010101010101010101
1111111111111111111111111111111111111111111111111111111111111111
10000000000000000000000000000000000000000000000000000000000000001
110000000000000000000000000000000000000000000000000000000000000011
1010000000000000000000000000000000000000000000000000000000000000101